N = 10   I = 0.177081
N = 20   I = 0.19479
